    train_dataset = [[1, 1, 1, 1, '女神'],
                     [0.5, 1, 1, 1, '淑女'],
                     [0.1, 0.1, 0.1, 0.1, '丑女'],
                     [0.5, 0.5, 0.5, 0.5, '一般型'],
                     [1, 0.8, 0.3, 1, '淑女'],
                     [0.6, 0.5, 0.7, 0.5, '一般型'],
                     [1, 1, 0.9, 0.5, '女神'],
                     [1, 0.6, 0.5, 0.8, '一般型'],
                     [0.5, 0.5, 1, 1, '淑女'],
                     [0.9, 1, 1, 1, '女神'],
                     [0.6, 0.6, 1, 0.1, '丑女'],
                     [1, 0.8, 0.5, 0.5, '可爱型'],
                     [1, 0.1, 0.1, 1, '可爱型'],
                     [1, 1, 0.7, 0.3, '淑女'],
                     [0.2, 0.3, 0.4, 0.5, '丑女'],
                     [0.5, 1, 0.6, 0.6, '可爱型']]

sample = [1, 1, 0.9, 1]